insert into propietarios_mascotas values (1,24),(1,994),(1,209),(1,332),(1,702),(1,181),(1,508),(1,143),(1,795),(1,28)
insert into propietarios_mascotas values (2,323),(2,327),(2,267),(2,254),(2,281),(2,32),(2,549),(2,835),(2,809),(2,686)
insert into propietarios_mascotas values (3,480),(3,92),(3,999),(3,161),(3,642),(3,923),(3,824),(3,780),(3,249),(3,333)
insert into propietarios_mascotas values (4,586),(4,801),(4,80),(4,804),(4,245),(4,139),(4,269),(4,534),(4,111),(4,828)
insert into propietarios_mascotas values (5,55),(5,33),(5,360),(5,372),(5,454),(5,527),(5,671),(5,281),(5,643),(5,372)
insert into propietarios_mascotas values (6,502),(6,700),(6,186),(6,365),(6,995),(6,451),(6,90),(6,42),(6,56),(6,211)
insert into propietarios_mascotas values (7,725),(7,456),(7,166),(7,566),(7,502),(7,209),(7,914),(7,875),(7,937),(7,993)
insert into propietarios_mascotas values (8,774),(8,83),(8,867),(8,274),(8,631),(8,601),(8,798),(8,255),(8,961),(8,794)
insert into propietarios_mascotas values (9,983),(9,228),(9,789),(9,56),(9,726),(9,178),(9,540),(9,658),(9,184),(9,590)
insert into propietarios_mascotas values (10,335),(10,199),(10,157),(10,731),(10,334),(10,626),(10,860),(10,952),(10,529),(10,515)
insert into propietarios_mascotas values (11,584),(11,640),(11,213),(11,806),(11,239),(11,233),(11,233),(11,640),(11,227),(11,608)
insert into propietarios_mascotas values (12,931),(12,140),(12,777),(12,760),(12,590),(12,710),(12,537),(12,245),(12,22),(12,155)
insert into propietarios_mascotas values (13,870),(13,609),(13,486),(13,169),(13,360),(13,544),(13,236),(13,549),(13,515),(13,779)
insert into propietarios_mascotas values (14,989),(14,327),(14,765),(14,840),(14,164),(14,520),(14,859),(14,833),(14,764),(14,316)
insert into propietarios_mascotas values (15,793),(15,628),(15,815),(15,410),(15,610),(15,548),(15,143),(15,168),(15,515),(15,680)
insert into propietarios_mascotas values (16,236),(16,132),(16,967),(16,183),(16,704),(16,16),(16,752),(16,604),(16,676),(16,120)
insert into propietarios_mascotas values (17,791),(17,966),(17,997),(17,831),(17,572),(17,86),(17,299),(17,726),(17,556),(17,30)
insert into propietarios_mascotas values (18,998),(18,403),(18,633),(18,324),(18,221),(18,21),(18,873),(18,397),(18,360),(18,517)
insert into propietarios_mascotas values (19,697),(19,146),(19,829),(19,415),(19,453),(19,885),(19,561),(19,526),(19,180),(19,719)
insert into propietarios_mascotas values (20,87),(20,95),(20,249),(20,407),(20,82),(20,345),(20,632),(20,168),(20,406),(20,479)
insert into propietarios_mascotas values (21,139),(21,416),(21,185),(21,108),(21,511),(21,33),(21,298),(21,806),(21,134),(21,104)
insert into propietarios_mascotas values (22,143),(22,323),(22,61),(22,528),(22,925),(22,513),(22,423),(22,755),(22,880),(22,878)
insert into propietarios_mascotas values (23,184),(23,634),(23,244),(23,611),(23,785),(23,423),(23,902),(23,48),(23,610),(23,390)
insert into propietarios_mascotas values (24,418),(24,55),(24,224),(24,105),(24,112),(24,893),(24,246),(24,871),(24,658),(24,883)
insert into propietarios_mascotas values (25,894),(25,782),(25,859),(25,839),(25,336),(25,243),(25,455),(25,641),(25,505),(25,405)
insert into propietarios_mascotas values (26,637),(26,789),(26,407),(26,473),(26,326),(26,52),(26,35),(26,851),(26,490),(26,750)
insert into propietarios_mascotas values (27,568),(27,563),(27,688),(27,799),(27,804),(27,826),(27,738),(27,981),(27,575),(27,648)
insert into propietarios_mascotas values (28,249),(28,796),(28,422),(28,142),(28,132),(28,766),(28,655),(28,628),(28,423),(28,230)
insert into propietarios_mascotas values (29,452),(29,302),(29,916),(29,127),(29,441),(29,384),(29,553),(29,27),(29,662),(29,807)
insert into propietarios_mascotas values (30,649),(30,385),(30,34),(30,83),(30,310),(30,558),(30,979),(30,160),(30,217),(30,1)
insert into propietarios_mascotas values (31,964),(31,282),(31,798),(31,111),(31,157),(31,436),(31,458),(31,389),(31,742),(31,385)
insert into propietarios_mascotas values (32,174),(32,545),(32,552),(32,912),(32,292),(32,391),(32,123),(32,573),(32,390),(32,492)
insert into propietarios_mascotas values (33,647),(33,602),(33,652),(33,305),(33,986),(33,143),(33,418),(33,295),(33,1000),(33,163)
insert into propietarios_mascotas values (34,64),(34,196),(34,983),(34,717),(34,648),(34,508),(34,876),(34,732),(34,421),(34,568)
insert into propietarios_mascotas values (35,346),(35,37),(35,612),(35,672),(35,213),(35,579),(35,477),(35,805),(35,631),(35,70)
insert into propietarios_mascotas values (36,875),(36,273),(36,137),(36,756),(36,504),(36,88),(36,339),(36,446),(36,140),(36,933)
insert into propietarios_mascotas values (37,147),(37,828),(37,117),(37,764),(37,622),(37,340),(37,596),(37,903),(37,998),(37,787)
insert into propietarios_mascotas values (38,866),(38,833),(38,160),(38,391),(38,123),(38,169),(38,419),(38,403),(38,188),(38,423)
insert into propietarios_mascotas values (39,484),(39,696),(39,857),(39,979),(39,503),(39,330),(39,923),(39,344),(39,183),(39,166)
insert into propietarios_mascotas values (40,761),(40,371),(40,480),(40,496),(40,257),(40,834),(40,359),(40,26),(40,322),(40,430)
insert into propietarios_mascotas values (41,514),(41,42),(41,954),(41,124),(41,765),(41,357),(41,458),(41,12),(41,554),(41,224)
insert into propietarios_mascotas values (42,548),(42,718),(42,580),(42,612),(42,755),(42,361),(42,802),(42,138),(42,184),(42,146)
insert into propietarios_mascotas values (43,882),(43,357),(43,882),(43,935),(43,793),(43,783),(43,17),(43,6),(43,307),(43,197)
insert into propietarios_mascotas values (44,180),(44,695),(44,626),(44,19),(44,151),(44,271),(44,641),(44,713),(44,177),(44,696)
insert into propietarios_mascotas values (45,678),(45,236),(45,298),(45,905),(45,38),(45,827),(45,74),(45,860),(45,651),(45,694)
insert into propietarios_mascotas values (46,9),(46,944),(46,48),(46,415),(46,865),(46,951),(46,66),(46,878),(46,613),(46,405)
insert into propietarios_mascotas values (47,117),(47,612),(47,690),(47,953),(47,487),(47,680),(47,127),(47,554),(47,399),(47,337)
insert into propietarios_mascotas values (48,329),(48,628),(48,324),(48,738),(48,520),(48,339),(48,1000),(48,39),(48,464),(48,199)
insert into propietarios_mascotas values (49,915),(49,277),(49,802),(49,434),(49,217),(49,668),(49,435),(49,714),(49,210),(49,838)
insert into propietarios_mascotas values (50,454),(50,494),(50,416),(50,735),(50,794),(50,958),(50,567),(50,345),(50,563),(50,555)
insert into propietarios_mascotas values (51,718),(51,88),(51,80),(51,897),(51,130),(51,109),(51,90),(51,377),(51,858),(51,283)
insert into propietarios_mascotas values (52,708),(52,142),(52,273),(52,963),(52,782),(52,151),(52,131),(52,308),(52,681),(52,788)
insert into propietarios_mascotas values (53,683),(53,254),(53,957),(53,562),(53,912),(53,423),(53,908),(53,498),(53,349),(53,699)
insert into propietarios_mascotas values (54,958),(54,268),(54,490),(54,323),(54,3),(54,837),(54,272),(54,244),(54,486),(54,961)
insert into propietarios_mascotas values (55,222),(55,808),(55,468),(55,628),(55,777),(55,945),(55,346),(55,786),(55,614),(55,189)
insert into propietarios_mascotas values (56,465),(56,198),(56,466),(56,408),(56,978),(56,109),(56,983),(56,148),(56,567),(56,739)
insert into propietarios_mascotas values (57,85),(57,8),(57,860),(57,930),(57,403),(57,237),(57,769),(57,207),(57,944),(57,689)
insert into propietarios_mascotas values (58,499),(58,772),(58,108),(58,996),(58,108),(58,877),(58,242),(58,709),(58,83),(58,739)
insert into propietarios_mascotas values (59,928),(59,684),(59,519),(59,725),(59,226),(59,942),(59,540),(59,265),(59,968),(59,845)
insert into propietarios_mascotas values (60,2),(60,484),(60,920),(60,925),(60,458),(60,718),(60,825),(60,206),(60,272),(60,579)
insert into propietarios_mascotas values (61,31),(61,476),(61,953),(61,37),(61,934),(61,464),(61,903),(61,900),(61,278),(61,133)
insert into propietarios_mascotas values (62,359),(62,468),(62,887),(62,813),(62,7),(62,647),(62,988),(62,850),(62,20),(62,872)
insert into propietarios_mascotas values (63,324),(63,424),(63,621),(63,444),(63,445),(63,229),(63,304),(63,863),(63,114),(63,734)
insert into propietarios_mascotas values (64,452),(64,577),(64,580),(64,490),(64,519),(64,866),(64,778),(64,466),(64,312),(64,677)
insert into propietarios_mascotas values (65,536),(65,234),(65,797),(65,671),(65,939),(65,352),(65,233),(65,528),(65,417),(65,393)
insert into propietarios_mascotas values (66,517),(66,666),(66,59),(66,769),(66,41),(66,154),(66,445),(66,917),(66,388),(66,33)
insert into propietarios_mascotas values (67,801),(67,400),(67,490),(67,961),(67,594),(67,584),(67,468),(67,240),(67,208),(67,933)
insert into propietarios_mascotas values (68,778),(68,171),(68,872),(68,98),(68,412),(68,878),(68,806),(68,102),(68,449),(68,540)
insert into propietarios_mascotas values (69,294),(69,213),(69,63),(69,910),(69,101),(69,393),(69,672),(69,808),(69,688),(69,65)
insert into propietarios_mascotas values (70,925),(70,491),(70,598),(70,275),(70,870),(70,972),(70,308),(70,794),(70,903),(70,468)
insert into propietarios_mascotas values (71,199),(71,825),(71,411),(71,71),(71,169),(71,265),(71,363),(71,926),(71,740),(71,269)
insert into propietarios_mascotas values (72,222),(72,26),(72,196),(72,497),(72,687),(72,39),(72,725),(72,617),(72,136),(72,205)
insert into propietarios_mascotas values (73,397),(73,572),(73,863),(73,937),(73,823),(73,390),(73,334),(73,52),(73,899),(73,204)
insert into propietarios_mascotas values (74,597),(74,961),(74,694),(74,710),(74,637),(74,11),(74,814),(74,197),(74,578),(74,44)
insert into propietarios_mascotas values (75,728),(75,925),(75,554),(75,938),(75,675),(75,22),(75,59),(75,713),(75,208),(75,989)
insert into propietarios_mascotas values (76,172),(76,968),(76,181),(76,884),(76,322),(76,589),(76,683),(76,689),(76,795),(76,734)
insert into propietarios_mascotas values (77,675),(77,302),(77,991),(77,342),(77,474),(77,624),(77,196),(77,578),(77,665),(77,583)
insert into propietarios_mascotas values (78,589),(78,197),(78,596),(78,579),(78,585),(78,718),(78,242),(78,253),(78,753),(78,763)
insert into propietarios_mascotas values (79,12),(79,897),(79,147),(79,899),(79,926),(79,738),(79,336),(79,376),(79,966),(79,776)
insert into propietarios_mascotas values (80,290),(80,853),(80,232),(80,809),(80,131),(80,289),(80,467),(80,98),(80,590),(80,138)
insert into propietarios_mascotas values (81,653),(81,178),(81,224),(81,869),(81,576),(81,438),(81,928),(81,443),(81,9),(81,594)
insert into propietarios_mascotas values (82,800),(82,235),(82,241),(82,403),(82,27),(82,400),(82,992),(82,419),(82,823),(82,381)
insert into propietarios_mascotas values (83,42),(83,345),(83,293),(83,54),(83,253),(83,233),(83,559),(83,798),(83,943),(83,593)
insert into propietarios_mascotas values (84,671),(84,828),(84,743),(84,666),(84,33),(84,11),(84,946),(84,502),(84,376),(84,635)
insert into propietarios_mascotas values (85,103),(85,238),(85,54),(85,764),(85,733),(85,559),(85,257),(85,447),(85,991),(85,359)
insert into propietarios_mascotas values (86,614),(86,332),(86,551),(86,502),(86,74),(86,982),(86,849),(86,576),(86,918),(86,287)
insert into propietarios_mascotas values (87,393),(87,737),(87,934),(87,805),(87,257),(87,816),(87,151),(87,388),(87,464),(87,193)
insert into propietarios_mascotas values (88,651),(88,7),(88,519),(88,198),(88,260),(88,749),(88,64),(88,371),(88,6),(88,880)
insert into propietarios_mascotas values (89,825),(89,987),(89,797),(89,996),(89,695),(89,450),(89,572),(89,757),(89,883),(89,84)
insert into propietarios_mascotas values (90,299),(90,164),(90,221),(90,507),(90,602),(90,98),(90,190),(90,762),(90,672), 
insert into propietarios_mascotas values (91,865),(91,230),(91,341),(91,56),(91,606),(91,930),(91,783),(91,268),(91,599),(91,792)
insert into propietarios_mascotas values (92,832),(92,258),(92,678),(92,730),(92,552),(92,414),(92,216),(92,128),(92,614),(92,844)
insert into propietarios_mascotas values (93,334),(93,271),(93,525),(93,263),(93,64),(93,840),(93,682),(93,245),(93,730),(93,627)
insert into propietarios_mascotas values (94,596),(94,263),(94,517),(94,70),(94,56),(94,246),(94,30),(94,460),(94,263),(94,22)
insert into propietarios_mascotas values (95,763),(95,559),(95,931),(95,19),(95,325),(95,95),(95,992),(95,69),(95,171),(95,559)
insert into propietarios_mascotas values (96,131),(96,203),(96,442),(96,842),(96,485),(96,68),(96,554),(96,236),(96,858),(96,82)
insert into propietarios_mascotas values (97,208),(97,37),(97,678),(97,928),(97,560),(97,779),(97,865),(97,993),(97,781),(97,662)
insert into propietarios_mascotas values (98,918),(98,2),(98,541),(98,704),(98,693),(98,894),(98,139),(98,222),(98,470),(98,513)
insert into propietarios_mascotas values (99,963),(99,425),(99,90),(99,556),(99,253),(99,331),(99,390),(99,257),(99,737),(99,216)
insert into propietarios_mascotas values (100,542),(100,778),(100,111),(100,852),(100,753),(100,159),(100,456),(100,385),(100,195),(100,21)

-- changing selected section 
-- ,([0-9]{1,4})
-- changing into
-- ,(99,$1)